1 1 1 1 1 0 0 1 1 1 1 1
1 1 1 1 1 0 0 1 1 1 1 1
1 1 1 1 1 1 0 1 1 1 1 1
1 1 1 1 1 0 0 1 1 1 1 1
1 1 1 1 1 0 0 1 1 1 1 1
0 0 0 0 0 0 0 0 1 0 0 0
0 0 0 1 0 0 0 0 0 0 0 0
1 1 1 1 1 0 0 1 1 1 1 1
1 1 1 1 1 1 0 1 1 1 1 1
1 1 1 1 1 0 0 1 1 1 1 1
1 0 1 1 1 0 0 1 1 1 1 1
1 1 1 1 1 0 0 1 1 1 1 1
x
1 1 1 1 1 
1 1 1 1 1 
1 1 1 1 1 
1 1 1 1 1 
1 1 1 1 1 
x
2 2 2 2
2 0 2 2
2 2 2 2
2 2 2 2
x
3 3 3 3 3
3 3 3 3 3
3 0 0 3 3
3 3 0 0 3
3 3 0 3 3
x
4 4 4 4
4 4 4 4
4 4 4 4
4 4 4 4
x
0 5 0 0 0 0 
0 5 0 0 0 0 
0 5 0 0 0 0 
0 5 0 0 0 0 
0 5 5 5 5 5 
0 0 5 0 0 0 
x
0 6 0 0 0 0
0 6 0 0 0 0
0 6 0 0 0 0
6 6 0 0 0 0
0 6 6 6 6 6
0 0 6 0 0 0
x
0 7 0 0
0 7 0 0
7 7 0 0
0 7 7 0
x
0
